 the flow 7
4 4 3 no
 the flow 7
14 3 no
 the flow 8
3 no
 the flow 10
4 19 no
 the flow 10
4 4 3 no
 the flow 12
3 no
 the flow 19
4 4 37 no
 the flow 20
4 4 4 3 no
 the flow 48
96 4 4 4 4 4 4 4 4 4 4 4 4 4 4 3 no
 the flow 50
4 3 no
 the flow 97
3 no
 the flow 99
4 4 4 4 4 4 4 4 4 4 4 4 4 4 4 4 4 4 4 4 4 4 4 4 4 4 4 4 4 4 4 4 4 4 4 197 no
 the flow 2
4 6 4 6 6 4 8 4 yes
 the flow 2
2 4 4 2 2 2 4 2 2 yes
 the flow 3
4 8 4 4 8 6 6 4 6 4 yes
 the flow 2
6 4 4 4 4 8 6 4 6 4 4 yes
 the flow 3
4 6 6 8 6 6 6 6 6 6 8 10 yes
 the flow 3
8 10 6 8 8 6 8 4 6 10 6 6 6 yes
 the flow 6
8 10 8 10 12 12 10 16 12 12 10 14 14 8 8 10 12 14 10 10 yes
 the flow 5
10 14 4 12 12 10 12 10 12 12 8 14 16 12 10 10 10 12 10 16 10 yes
 the flow 13
28 18 26 32 26 28 26 24 26 30 32 20 26 22 22 22 28 26 18 26 26 26 26 20 30 24 26 26 28 24 20 28 16 24 30 22 26 24 26 26 26 28 30 24 24 24 28 24 28 22 yes
 the flow 12
22 24 30 24 18 26 26 24 24 22 24 26 22 20 28 28 20 26 22 24 22 20 28 24 22 30 28 24 24 20 26 28 20 22 24 26 22 26 24 24 28 24 30 30 20 22 24 30 16 18 28 yes
 the flow 23
48 48 58 48 54 46 42 52 50 50 48 48 50 44 42 48 46 50 46 50 46 52 50 54 52 44 52 52 46 40 56 44 46 48 50 52 52 52 48 48 46 42 50 54 46 54 50 50 52 46 48 46 52 46 44 60 52 54 56 54 50 40 42 58 52 54 52 48 46 52 50 50 50 44 54 42 50 40 50 52 52 46 46 44 54 44 46 52 46 46 56 50 50 42 48 56 52 48 46 yes
 the flow 29
48 52 52 50 50 46 56 54 50 50 52 44 52 54 46 52 42 44 50 50 46 50 46 50 52 54 50 52 52 52 62 60 54 52 54 48 54 46 50 48 46 54 56 50 60 44 54 56 44 52 58 46 52 50 52 50 44 50 46 52 56 56 52 52 50 48 48 52 46 50 42 50 46 54 50 44 48 60 58 50 54 56 50 56 54 46 42 48 60 56 50 54 54 54 58 54 52 54 56 54 yes
 the flow 1
4 4 2 2 4 2 2 4 yes
 the flow 2
4 4 2 2 4 4 4 4 4 yes
 the flow 3
4 4 4 6 6 4 8 6 4 6 yes
 the flow 2
4 6 8 4 4 4 8 6 4 4 6 yes
 the flow 1
8 8 6 4 6 8 8 4 8 6 6 4 yes
 the flow 4
8 6 6 8 6 6 6 6 4 8 8 6 10 yes
 the flow 5
8 8 10 4 8 6 12 8 10 12 10 10 10 10 10 8 8 12 6 8 yes
 the flow 5
6 8 8 10 8 10 10 8 12 12 6 8 10 8 8 12 12 8 8 6 10 yes
 the flow 8
16 14 20 16 12 14 20 14 18 22 14 10 16 16 18 18 14 16 6 6 18 20 14 18 20 14 12 12 14 20 20 18 14 12 14 8 12 18 14 16 16 18 18 10 18 12 12 14 20 18 yes
 the flow 9
16 18 22 14 18 12 10 20 14 12 18 10 16 14 14 20 10 16 12 18 14 8 12 20 24 16 12 14 16 14 16 10 18 10 14 14 18 14 18 10 12 22 18 18 8 14 22 10 20 14 16 yes
 the flow 8
18 26 24 12 18 14 12 18 20 14 12 18 12 16 18 14 18 12 16 28 10 16 22 26 20 10 16 16 20 20 18 22 18 18 18 22 16 18 22 10 18 20 16 14 20 18 14 18 14 26 20 6 18 20 22 24 16 16 34 12 18 18 22 28 14 28 18 6 16 14 20 18 20 14 10 22 12 10 16 20 12 16 22 16 14 20 22 16 16 22 18 20 18 20 18 16 24 20 26 yes
 the flow 9
24 16 18 22 18 14 22 18 26 12 20 24 18 26 16 18 16 18 16 20 12 20 14 16 20 14 18 26 18 22 26 14 24 30 18 10 26 18 20 12 30 14 14 16 16 18 18 24 24 24 24 18 22 18 22 16 18 18 14 16 18 26 16 20 16 24 20 8 26 20 18 20 22 18 24 22 14 16 18 24 22 24 16 16 18 16 18 18 8 18 16 24 26 20 16 14 18 16 18 16 yes
 the flow 1
6 6 4 2 4 4 2 4 yes
 the flow 1
2 4 4 2 6 4 2 4 4 yes
 the flow 3
6 6 8 6 8 6 4 4 8 6 yes
 the flow 2
8 6 6 4 6 4 6 4 2 4 4 yes
 the flow 3
4 8 6 4 6 8 6 8 6 4 4 8 yes
 the flow 5
6 10 10 6 8 10 8 6 6 8 8 6 6 yes
 the flow 5
10 10 10 10 10 10 8 14 12 6 8 10 10 14 6 12 8 8 12 12 yes
 the flow 5
12 10 8 6 8 12 14 8 8 10 12 12 12 12 10 8 10 14 12 14 10 yes
 the flow 7
16 10 14 16 14 16 14 12 22 12 8 10 8 16 16 16 18 20 10 18 12 20 10 14 22 14 18 12 14 14 18 14 20 18 12 14 18 22 16 16 8 16 8 12 16 20 12 22 24 18 yes
 the flow 8
12 10 14 12 16 12 12 16 14 8 16 22 22 16 10 18 18 16 16 8 14 6 8 20 12 10 12 14 16 10 20 16 16 10 16 14 10 10 18 22 22 22 20 6 18 16 8 16 20 18 8 yes
 the flow 9
14 20 12 22 12 24 24 20 20 26 20 16 16 22 16 14 18 22 22 18 24 10 20 20 18 16 18 18 26 24 18 22 14 16 12 16 24 18 12 22 20 18 22 18 18 18 16 18 14 20 8 20 16 24 16 18 18 16 14 12 20 20 12 26 14 18 16 22 16 12 28 16 16 18 18 20 20 16 16 28 18 14 18 18 12 14 24 22 20 24 26 16 18 18 18 14 12 16 20 yes
 the flow 10
10 18 12 16 12 16 20 18 16 24 14 10 16 24 16 20 22 16 12 22 20 20 24 20 24 12 22 16 16 22 14 8 16 12 14 22 18 16 16 16 16 20 20 24 14 16 18 16 22 24 20 16 16 24 22 20 14 18 18 22 16 18 14 16 16 24 28 16 24 18 22 22 24 20 20 14 8 22 22 18 18 8 10 20 20 18 24 16 20 12 24 14 22 18 24 26 14 16 18 24 yes
 the flow 2
2 2 4 2 2 2 4 2 yes
 the flow 2
2 2 6 2 6 2 2 2 2 yes
 the flow 3
2 2 2 6 2 6 2 2 2 2 yes
 the flow 3
2 2 2 2 2 2 2 6 2 6 2 yes
 the flow 4
2 2 6 2 2 2 6 2 2 2 2 2 yes
 the flow 4
8 2 2 2 2 2 2 2 2 8 2 2 2 yes
 the flow 8
10 2 2 2 2 2 10 2 2 2 2 2 2 2 2 2 2 2 2 2 yes
 the flow 8
2 2 2 2 12 2 2 2 2 2 2 2 2 2 2 2 2 2 2 2 12 yes
 the flow 23
2 2 2 2 2 2 2 2 2 2 2 2 2 2 2 2 2 2 2 2 2 2 2 2 2 2 2 2 2 2 2 2 2 2 2 2 2 2 2 26 2 2 2 2 2 2 26 2 2 2 yes
 the flow 23
26 2 2 2 2 2 2 2 2 2 2 2 2 2 2 2 2 2 2 2 2 2 2 2 2 2 26 2 2 2 2 2 2 2 2 2 2 2 2 2 2 2 2 2 2 2 2 2 2 2 2 yes
 the flow 47
2 2 2 2 2 2 2 2 2 2 2 2 2 2 2 2 2 2 2 2 2 2 2 2 2 2 2 2 2 2 2 2 2 2 2 2 2 2 50 2 2 2 2 2 2 2 2 2 2 2 2 2 2 2 2 2 2 2 50 2 2 2 2 2 2 2 2 2 2 2 2 2 2 2 2 2 2 2 2 2 2 2 2 2 2 2 2 2 2 2 2 2 2 2 2 2 2 2 2 yes
 the flow 48
2 2 2 2 2 2 2 2 2 2 2 2 2 2 2 2 2 2 2 2 2 2 2 2 2 2 2 2 2 2 2 2 2 2 2 2 2 2 2 2 2 50 2 2 2 2 2 2 2 2 2 2 2 2 2 2 2 2 2 2 2 2 2 50 2 2 2 2 2 2 2 2 2 2 2 2 2 2 2 2 2 2 2 2 2 2 2 2 2 2 2 2 2 2 2 2 2 2 2 2 yes
